# Roohif's challenge

date: 2022-07-14
height: 32 meter
timezone: GMT+0
index error: 2'
compare: -31.154076, 15.503133

star: Achernar
alt: 63d 17.1' 
time: 05:48:12

star: Betelgeuse
alt: 22d 5.0'
time: 05:30:42

star: Canopus
alt: 38d 56.0'
time: 05:31:48

